1.333885842395791784e+07 0.000000000000000000e+00 0.000000000000000000e+00 -9.359025799303391948e+06 1.097663519671385176e+06 3.658878308035394875e+05 -1.790924689990154700e+06 -2.888588209661539644e+06 3.658878308035393129e+05 -1.790924689990154700e+06 1.790924689990154700e+06 0.000000000000000000e+00 0.000000000000000000e+00 0.000000000000000000e+00 0.000000000000000000e+00 0.000000000000000000e+00 0.000000000000000000e+00 0.000000000000000000e+00 0.000000000000000000e+00 0.000000000000000000e+00 0.000000000000000000e+00 0.000000000000000000e+00 0.000000000000000000e+00 0.000000000000000000e+00 1.790924689990154700e+06 -2.888588209661540575e+06 -9.628627126408929471e+05 -3.979832446742151515e+05 0.000000000000000000e+00 5.969748818373536924e+05 -1.790924689990154700e+06 1.790924689990154700e+06 5.969748818373536924e+05 0.000000000000000000e+00 1.097663519671385642e+06 -9.628627126408931799e+05
0.000000000000000000e+00 1.333885842395791598e+07 0.000000000000000000e+00 1.790924689990154700e+06 -3.581849379980309866e+06 0.000000000000000000e+00 -2.888588209661539644e+06 -4.679512899651695043e+06 3.658878308035393129e+05 1.097663519671385176e+06 -4.679512899651695043e+06 3.658878308035393129e+05 0.000000000000000000e+00 0.000000000000000000e+00 0.000000000000000000e+00 0.000000000000000000e+00 0.000000000000000000e+00 0.000000000000000000e+00 0.000000000000000000e+00 0.000000000000000000e+00 0.000000000000000000e+00 0.000000000000000000e+00 0.000000000000000000e+00 0.000000000000000000e+00 -2.888588209661540575e+06 4.679512899651695043e+06 -9.628627126408929471e+05 0.000000000000000000e+00 -3.979832446742151515e+05 5.969748818373536924e+05 1.097663519671385176e+06 -4.679512899651695043e+06 -9.628627126408929471e+05 1.790924689990155399e+06 0.000000000000000000e+00 5.969748818373536924e+05
0.000000000000000000e+00 0.000000000000000000e+00 8.203590463786793873e+06 5.969748818373539252e+05 0.000000000000000000e+00 -3.581849379980309866e+06 5.969748818373536924e+05 5.969748818373536924e+05 -1.790924689990154700e+06 0.000000000000000000e+00 5.969748818373536924e+05 -1.790924689990154700e+06 0.000000000000000000e+00 0.000000000000000000e+00 0.000000000000000000e+00 0.000000000000000000e+00 0.000000000000000000e+00 0.000000000000000000e+00 0.000000000000000000e+00 0.000000000000000000e+00 0.000000000000000000e+00 0.000000000000000000e+00 0.000000000000000000e+00 0.000000000000000000e+00 -9.628627126408930635e+05 -9.628627126408930635e+05 1.790924689990154700e+06 3.658878308035393711e+05 3.658878308035393711e+05 -1.039891703826175071e+06 3.658878308035393711e+05 -9.628627126408930635e+05 -1.790924689990154700e+06 -9.628627126408932963e+05 3.658878308035393711e+05 0.000000000000000000e+00
-9.359025799303391948e+06 1.790924689990154700e+06 5.969748818373539252e+05 1.134894211163065396e+07 -2.888588209661539644e+06 -9.628627126408932963e+05 -1.790924689990154700e+06 1.097663519671385176e+06 -3.658878308035393129e+05 0.000000000000000000e+00 0.000000000000000000e+00 0.000000000000000000e+00 0.000000000000000000e+00 0.000000000000000000e+00 0.000000000000000000e+00 0.000000000000000000e+00 0.000000000000000000e+00 0.000000000000000000e+00 0.000000000000000000e+00 0.000000000000000000e+00 0.000000000000000000e+00 0.000000000000000000e+00 0.000000000000000000e+00 0.000000000000000000e+00 0.000000000000000000e+00 1.097663519671385642e+06 3.658878308035393129e+05 0.000000000000000000e+00 0.000000000000000000e+00 0.000000000000000000e+00 0.000000000000000000e+00 0.000000000000000000e+00 0.000000000000000000e+00 -1.989916223371076630e+05 -1.097663519671385642e+06 3.658878308035394875e+05
1.097663519671385176e+06 -3.581849379980309866e+06 0.000000000000000000e+00 -2.888588209661539644e+06 8.460353901969112456e+06 0.000000000000000000e+00 1.790924689990154700e+06 -4.679512899651695043e+06 3.658878308035393129e+05 0.000000000000000000e+00 0.000000000000000000e+00 0.000000000000000000e+00 0.000000000000000000e+00 0.000000000000000000e+00 0.000000000000000000e+00 0.000000000000000000e+00 0.000000000000000000e+00 0.000000000000000000e+00 0.000000000000000000e+00 0.000000000000000000e+00 0.000000000000000000e+00 0.000000000000000000e+00 0.000000000000000000e+00 0.000000000000000000e+00 1.790924689990155399e+06 0.000000000000000000e+00 -9.628627126408931799e+05 0.000000000000000000e+00 0.000000000000000000e+00 0.000000000000000000e+00 0.000000000000000000e+00 0.000000000000000000e+00 0.000000000000000000e+00 -1.790924689990155399e+06 -1.989916223371076630e+05 5.969748818373539252e+05
3.658878308035395457e+05 0.000000000000000000e+00 -3.581849379980309866e+06 -9.628627126408934128e+05 0.000000000000000000e+00 5.892719921883553267e+06 -5.969748818373536924e+05 5.969748818373536924e+05 -1.790924689990154700e+06 0.000000000000000000e+00 0.000000000000000000e+00 0.000000000000000000e+00 0.000000000000000000e+00 0.000000000000000000e+00 0.000000000000000000e+00 0.000000000000000000e+00 0.000000000000000000e+00 0.000000000000000000e+00 0.000000000000000000e+00 0.000000000000000000e+00 0.000000000000000000e+00 0.000000000000000000e+00 0.000000000000000000e+00 0.000000000000000000e+00 5.969748818373536924e+05 -9.628627126408931799e+05 0.000000000000000000e+00 0.000000000000000000e+00 0.000000000000000000e+00 0.000000000000000000e+00 0.000000000000000000e+00 0.000000000000000000e+00 0.000000000000000000e+00 5.969748818373539252e+05 3.658878308035395457e+05 -5.199458519130877103e+05
-1.790924689990154700e+06 -2.888588209661539644e+06 5.969748818373536924e+05 -1.790924689990154700e+06 1.790924689990154700e+06 -5.969748818373536924e+05 8.659345524306219071e+06 0.000000000000000000e+00 0.000000000000000000e+00 -4.679512899651695043e+06 1.097663519671385176e+06 -3.658878308035393129e+05 0.000000000000000000e+00 0.000000000000000000e+00 0.000000000000000000e+00 0.000000000000000000e+00 0.000000000000000000e+00 0.000000000000000000e+00 0.000000000000000000e+00 0.000000000000000000e+00 0.000000000000000000e+00 0.000000000000000000e+00 0.000000000000000000e+00 0.000000000000000000e+00 -2.188907934664369561e+06 1.790924689990154700e+06 -5.969748818373536924e+05 0.000000000000000000e+00 0.000000000000000000e+00 0.000000000000000000e+00 1.790924689990154700e+06 -1.790924689990154700e+06 9.628627126408929471e+05 0.000000000000000000e+00 0.000000000000000000e+00 0.000000000000000000e+00
-2.888588209661539644e+06 -4.679512899651695043e+06 5.969748818373536924e+05 1.097663519671385176e+06 -4.679512899651695043e+06 5.969748818373536924e+05 0.000000000000000000e+00 1.154793373396776058e+07 -1.925725425281785894e+06 1.790924689990154700e+06 -1.790924689990154700e+06 0.000000000000000000e+00 0.000000000000000000e+00 0.000000000000000000e+00 0.000000000000000000e+00 0.000000000000000000e+00 0.000000000000000000e+00 0.000000000000000000e+00 0.000000000000000000e+00 0.000000000000000000e+00 0.000000000000000000e+00 0.000000000000000000e+00 0.000000000000000000e+00 0.000000000000000000e+00 1.097663519671385176e+06 -5.077496144325910136e+06 1.328750543444432318e+06 0.000000000000000000e+00 0.000000000000000000e+00 0.000000000000000000e+00 -1.097663519671385176e+06 4.679512899651695043e+06 -5.969748818373536924e+05 0.000000000000000000e+00 0.000000000000000000e+00 0.000000000000000000e+00
3.658878308035393711e+05 3.658878308035393711e+05 -1.790924689990154700e+06 -3.658878308035393711e+05 3.658878308035393711e+05 -1.790924689990154700e+06 0.000000000000000000e+00 -1.925725425281786127e+06 6.412665773796639405e+06 -5.969748818373536924e+05 0.000000000000000000e+00 -1.790924689990154700e+06 0.000000000000000000e+00 0.000000000000000000e+00 0.000000000000000000e+00 0.000000000000000000e+00 0.000000000000000000e+00 0.000000000000000000e+00 0.000000000000000000e+00 0.000000000000000000e+00 0.000000000000000000e+00 0.000000000000000000e+00 0.000000000000000000e+00 0.000000000000000000e+00 -3.658878308035393711e+05 1.559837594478246756e+06 -2.830816393816330004e+06 0.000000000000000000e+00 0.000000000000000000e+00 0.000000000000000000e+00 9.628627126408930635e+05 -3.658878308035393711e+05 1.790924689990154700e+06 0.000000000000000000e+00 0.000000000000000000e+00 0.000000000000000000e+00
-1.790924689990154700e+06 1.097663519671385176e+06 0.000000000000000000e+00 0.000000000000000000e+00 0.000000000000000000e+00 0.000000000000000000e+00 -4.679512899651695043e+06 1.790924689990154700e+06 -5.969748818373536924e+05 6.669429211978957988e+06 -2.888588209661539644e+06 9.628627126408929471e+05 0.000000000000000000e+00 0.000000000000000000e+00 0.000000000000000000e+00 0.000000000000000000e+00 0.000000000000000000e+00 0.000000000000000000e+00 0.000000000000000000e+00 0.000000000000000000e+00 0.000000000000000000e+00 0.000000000000000000e+00 0.000000000000000000e+00 0.000000000000000000e+00 0.000000000000000000e+00 0.000000000000000000e+00 0.000000000000000000e+00 0.000000000000000000e+00 0.000000000000000000e+00 0.000000000000000000e+00 -1.989916223371075757e+05 0.000000000000000000e+00 -3.658878308035393129e+05 0.000000000000000000e+00 0.000000000000000000e+00 0.000000000000000000e+00
1.790924689990154700e+06 -4.679512899651695043e+06 5.969748818373536924e+05 0.000000000000000000e+00 0.000000000000000000e+00 0.000000000000000000e+00 1.097663519671385176e+06 -1.790924689990154700e+06 0.000000000000000000e+00 -2.888588209661539644e+06 6.669429211978957988e+06 -9.628627126408929471e+05 0.000000000000000000e+00 0.000000000000000000e+00 0.000000000000000000e+00 0.000000000000000000e+00 0.000000000000000000e+00 0.000000000000000000e+00 0.000000000000000000e+00 0.000000000000000000e+00 0.000000000000000000e+00 0.000000000000000000e+00 0.000000000000000000e+00 0.000000000000000000e+00 0.000000000000000000e+00 0.000000000000000000e+00 0.000000000000000000e+00 0.000000000000000000e+00 0.000000000000000000e+00 0.000000000000000000e+00 0.000000000000000000e+00 -1.989916223371075757e+05 3.658878308035393129e+05 0.000000000000000000e+00 0.000000000000000000e+00 0.000000000000000000e+00
0.000000000000000000e+00 3.658878308035393711e+05 -1.790924689990154700e+06 0.000000000000000000e+00 0.000000000000000000e+00 0.000000000000000000e+00 -3.658878308035393711e+05 0.000000000000000000e+00 -1.790924689990154700e+06 9.628627126408930635e+05 -9.628627126408930635e+05 4.101795231893396936e+06 0.000000000000000000e+00 0.000000000000000000e+00 0.000000000000000000e+00 0.000000000000000000e+00 0.000000000000000000e+00 0.000000000000000000e+00 0.000000000000000000e+00 0.000000000000000000e+00 0.000000000000000000e+00 0.000000000000000000e+00 0.000000000000000000e+00 0.000000000000000000e+00 0.000000000000000000e+00 0.000000000000000000e+00 0.000000000000000000e+00 0.000000000000000000e+00 0.000000000000000000e+00 0.000000000000000000e+00 -5.969748818373536924e+05 5.969748818373536924e+05 -5.199458519130875356e+05 0.000000000000000000e+00 0.000000000000000000e+00 0.000000000000000000e+00
0.000000000000000000e+00 0.000000000000000000e+00 0.000000000000000000e+00 0.000000000000000000e+00 0.000000000000000000e+00 0.000000000000000000e+00 0.000000000000000000e+00 0.000000000000000000e+00 0.000000000000000000e+00 0.000000000000000000e+00 0.000000000000000000e+00 0.000000000000000000e+00 1.333885842395791784e+07 0.000000000000000000e+00 0.000000000000000000e+00 -9.359025799303391948e+06 1.097663519671385642e+06 -3.658878308035393129e+05 -1.790924689990154700e+06 -2.888588209661540575e+06 -3.658878308035394875e+05 -1.790924689990154700e+06 1.790924689990154700e+06 0.000000000000000000e+00 1.790924689990154700e+06 -2.888588209661539644e+06 9.628627126408931799e+05 -3.979832446742151515e+05 0.000000000000000000e+00 -5.969748818373536924e+05 -1.790924689990154700e+06 1.790924689990154700e+06 -5.969748818373536924e+05 0.000000000000000000e+00 1.097663519671385176e+06 9.628627126408929471e+05
0.000000000000000000e+00 0.000000000000000000e+00 0.000000000000000000e+00 0.000000000000000000e+00 0.000000000000000000e+00 0.000000000000000000e+00 0.000000000000000000e+00 0.000000000000000000e+00 0.000000000000000000e+00 0.000000000000000000e+00 0.000000000000000000e+00 0.000000000000000000e+00 0.000000000000000000e+00 1.333885842395791598e+07 0.000000000000000000e+00 1.790924689990155399e+06 -3.581849379980309866e+06 0.000000000000000000e+00 -2.888588209661540575e+06 -4.679512899651695043e+06 -3.658878308035393129e+05 1.097663519671385176e+06 -4.679512899651695043e+06 -3.658878308035393129e+05 -2.888588209661539644e+06 4.679512899651695043e+06 9.628627126408929471e+05 0.000000000000000000e+00 -3.979832446742151515e+05 -5.969748818373536924e+05 1.097663519671385176e+06 -4.679512899651695043e+06 9.628627126408929471e+05 1.790924689990154700e+06 0.000000000000000000e+00 -5.969748818373536924e+05
0.000000000000000000e+00 0.000000000000000000e+00 0.000000000000000000e+00 0.000000000000000000e+00 0.000000000000000000e+00 0.000000000000000000e+00 0.000000000000000000e+00 0.000000000000000000e+00 0.000000000000000000e+00 0.000000000000000000e+00 0.000000000000000000e+00 0.000000000000000000e+00 0.000000000000000000e+00 0.000000000000000000e+00 8.203590463786793873e+06 -5.969748818373536924e+05 0.000000000000000000e+00 -3.581849379980309866e+06 -5.969748818373539252e+05 -5.969748818373536924e+05 -1.790924689990154700e+06 0.000000000000000000e+00 -5.969748818373536924e+05 -1.790924689990154700e+06 9.628627126408932963e+05 9.628627126408930635e+05 1.790924689990154700e+06 -3.658878308035393711e+05 -3.658878308035393711e+05 -1.039891703826175071e+06 -3.658878308035393711e+05 9.628627126408930635e+05 -1.790924689990154700e+06 9.628627126408930635e+05 -3.658878308035393711e+05 0.000000000000000000e+00
0.000000000000000000e+00 0.000000000000000000e+00 0.000000000000000000e+00 0.000000000000000000e+00 0.000000000000000000e+00 0.000000000000000000e+00 0.000000000000000000e+00 0.000000000000000000e+00 0.000000000000000000e+00 0.000000000000000000e+00 0.000000000000000000e+00 0.000000000000000000e+00 -9.359025799303391948e+06 1.790924689990155399e+06 -5.969748818373536924e+05 1.134894211163065583e+07 -2.888588209661541041e+06 9.628627126408929471e+05 -1.790924689990155399e+06 1.097663519671385642e+06 3.658878308035394875e+05 0.000000000000000000e+00 0.000000000000000000e+00 0.000000000000000000e+00 0.000000000000000000e+00 1.097663519671385176e+06 -3.658878308035394875e+05 0.000000000000000000e+00 0.000000000000000000e+00 0.000000000000000000e+00 0.000000000000000000e+00 0.000000000000000000e+00 0.000000000000000000e+00 -1.989916223371075757e+05 -1.097663519671385176e+06 -3.658878308035393129e+05
0.000000000000000000e+00 0.000000000000000000e+00 0.000000000000000000e+00 0.000000000000000000e+00 0.000000000000000000e+00 0.000000000000000000e+00 0.000000000000000000e+00 0.000000000000000000e+00 0.000000000000000000e+00 0.000000000000000000e+00 0.000000000000000000e+00 0.000000000000000000e+00 1.097663519671385642e+06 -3.581849379980309866e+06 0.000000000000000000e+00 -2.888588209661541041e+06 8.460353901969114318e+06 0.000000000000000000e+00 1.790924689990155399e+06 -4.679512899651696905e+06 -3.658878308035394875e+05 0.000000000000000000e+00 0.000000000000000000e+00 0.000000000000000000e+00 1.790924689990154700e+06 0.000000000000000000e+00 9.628627126408931799e+05 0.000000000000000000e+00 0.000000000000000000e+00 0.000000000000000000e+00 0.000000000000000000e+00 0.000000000000000000e+00 0.000000000000000000e+00 -1.790924689990154700e+06 -1.989916223371075757e+05 -5.969748818373536924e+05
0.000000000000000000e+00 0.000000000000000000e+00 0.000000000000000000e+00 0.000000000000000000e+00 0.000000000000000000e+00 0.000000000000000000e+00 0.000000000000000000e+00 0.000000000000000000e+00 0.000000000000000000e+00 0.000000000000000000e+00 0.000000000000000000e+00 0.000000000000000000e+00 -3.658878308035393711e+05 0.000000000000000000e+00 -3.581849379980309866e+06 9.628627126408930635e+05 0.000000000000000000e+00 5.892719921883553267e+06 5.969748818373539252e+05 -5.969748818373539252e+05 -1.790924689990155399e+06 0.000000000000000000e+00 0.000000000000000000e+00 0.000000000000000000e+00 -5.969748818373539252e+05 9.628627126408932963e+05 0.000000000000000000e+00 0.000000000000000000e+00 0.000000000000000000e+00 0.000000000000000000e+00 0.000000000000000000e+00 0.000000000000000000e+00 0.000000000000000000e+00 -5.969748818373536924e+05 -3.658878308035393711e+05 -5.199458519130875356e+05
0.000000000000000000e+00 0.000000000000000000e+00 0.000000000000000000e+00 0.000000000000000000e+00 0.000000000000000000e+00 0.000000000000000000e+00 0.000000000000000000e+00 0.000000000000000000e+00 0.000000000000000000e+00 0.000000000000000000e+00 0.000000000000000000e+00 0.000000000000000000e+00 -1.790924689990154700e+06 -2.888588209661540575e+06 -5.969748818373539252e+05 -1.790924689990155399e+06 1.790924689990155399e+06 5.969748818373539252e+05 8.659345524306219071e+06 0.000000000000000000e+00 0.000000000000000000e+00 -4.679512899651695043e+06 1.097663519671385176e+06 3.658878308035393129e+05 -2.188907934664369561e+06 1.790924689990154700e+06 5.969748818373536924e+05 0.000000000000000000e+00 0.000000000000000000e+00 0.000000000000000000e+00 1.790924689990154700e+06 -1.790924689990154700e+06 -9.628627126408929471e+05 0.000000000000000000e+00 0.000000000000000000e+00 0.000000000000000000e+00
0.000000000000000000e+00 0.000000000000000000e+00 0.000000000000000000e+00 0.000000000000000000e+00 0.000000000000000000e+00 0.000000000000000000e+00 0.000000000000000000e+00 0.000000000000000000e+00 0.000000000000000000e+00 0.000000000000000000e+00 0.000000000000000000e+00 0.000000000000000000e+00 -2.888588209661540575e+06 -4.679512899651695043e+06 -5.969748818373536924e+05 1.097663519671385642e+06 -4.679512899651696905e+06 -5.969748818373539252e+05 0.000000000000000000e+00 1.154793373396776244e+07 1.925725425281786360e+06 1.790924689990154700e+06 -1.790924689990154700e+06 0.000000000000000000e+00 1.097663519671385176e+06 -5.077496144325910136e+06 -1.328750543444432318e+06 0.000000000000000000e+00 0.000000000000000000e+00 0.000000000000000000e+00 -1.097663519671385176e+06 4.679512899651695043e+06 5.969748818373536924e+05 0.000000000000000000e+00 0.000000000000000000e+00 0.000000000000000000e+00
0.000000000000000000e+00 0.000000000000000000e+00 0.000000000000000000e+00 0.000000000000000000e+00 0.000000000000000000e+00 0.000000000000000000e+00 0.000000000000000000e+00 0.000000000000000000e+00 0.000000000000000000e+00 0.000000000000000000e+00 0.000000000000000000e+00 0.000000000000000000e+00 -3.658878308035395457e+05 -3.658878308035393711e+05 -1.790924689990154700e+06 3.658878308035395457e+05 -3.658878308035395457e+05 -1.790924689990155399e+06 0.000000000000000000e+00 1.925725425281786360e+06 6.412665773796640337e+06 5.969748818373536924e+05 0.000000000000000000e+00 -1.790924689990154700e+06 3.658878308035393711e+05 -1.559837594478246989e+06 -2.830816393816330004e+06 0.000000000000000000e+00 0.000000000000000000e+00 0.000000000000000000e+00 -9.628627126408930635e+05 3.658878308035393711e+05 1.790924689990154700e+06 0.000000000000000000e+00 0.000000000000000000e+00 0.000000000000000000e+00
0.000000000000000000e+00 0.000000000000000000e+00 0.000000000000000000e+00 0.000000000000000000e+00 0.000000000000000000e+00 0.000000000000000000e+00 0.000000000000000000e+00 0.000000000000000000e+00 0.000000000000000000e+00 0.000000000000000000e+00 0.000000000000000000e+00 0.000000000000000000e+00 -1.790924689990154700e+06 1.097663519671385176e+06 0.000000000000000000e+00 0.000000000000000000e+00 0.000000000000000000e+00 0.000000000000000000e+00 -4.679512899651695043e+06 1.790924689990154700e+06 5.969748818373536924e+05 6.669429211978957988e+06 -2.888588209661539644e+06 -9.628627126408929471e+05 0.000000000000000000e+00 0.000000000000000000e+00 0.000000000000000000e+00 0.000000000000000000e+00 0.000000000000000000e+00 0.000000000000000000e+00 -1.989916223371075757e+05 0.000000000000000000e+00 3.658878308035393129e+05 0.000000000000000000e+00 0.000000000000000000e+00 0.000000000000000000e+00
0.000000000000000000e+00 0.000000000000000000e+00 0.000000000000000000e+00 0.000000000000000000e+00 0.000000000000000000e+00 0.000000000000000000e+00 0.000000000000000000e+00 0.000000000000000000e+00 0.000000000000000000e+00 0.000000000000000000e+00 0.000000000000000000e+00 0.000000000000000000e+00 1.790924689990154700e+06 -4.679512899651695043e+06 -5.969748818373536924e+05 0.000000000000000000e+00 0.000000000000000000e+00 0.000000000000000000e+00 1.097663519671385176e+06 -1.790924689990154700e+06 0.000000000000000000e+00 -2.888588209661539644e+06 6.669429211978957988e+06 9.628627126408929471e+05 0.000000000000000000e+00 0.000000000000000000e+00 0.000000000000000000e+00 0.000000000000000000e+00 0.000000000000000000e+00 0.000000000000000000e+00 0.000000000000000000e+00 -1.989916223371075757e+05 -3.658878308035393129e+05 0.000000000000000000e+00 0.000000000000000000e+00 0.000000000000000000e+00
0.000000000000000000e+00 0.000000000000000000e+00 0.000000000000000000e+00 0.000000000000000000e+00 0.000000000000000000e+00 0.000000000000000000e+00 0.000000000000000000e+00 0.000000000000000000e+00 0.000000000000000000e+00 0.000000000000000000e+00 0.000000000000000000e+00 0.000000000000000000e+00 0.000000000000000000e+00 -3.658878308035393711e+05 -1.790924689990154700e+06 0.000000000000000000e+00 0.000000000000000000e+00 0.000000000000000000e+00 3.658878308035393711e+05 0.000000000000000000e+00 -1.790924689990154700e+06 -9.628627126408930635e+05 9.628627126408930635e+05 4.101795231893396936e+06 0.000000000000000000e+00 0.000000000000000000e+00 0.000000000000000000e+00 0.000000000000000000e+00 0.000000000000000000e+00 0.000000000000000000e+00 5.969748818373536924e+05 -5.969748818373536924e+05 -5.199458519130875356e+05 0.000000000000000000e+00 0.000000000000000000e+00 0.000000000000000000e+00
1.790924689990154700e+06 -2.888588209661540575e+06 -9.628627126408929471e+05 0.000000000000000000e+00 1.790924689990155399e+06 5.969748818373536924e+05 -2.188907934664369561e+06 1.097663519671385176e+06 -3.658878308035393129e+05 0.000000000000000000e+00 0.000000000000000000e+00 0.000000000000000000e+00 1.790924689990154700e+06 -2.888588209661539644e+06 9.628627126408931799e+05 0.000000000000000000e+00 1.790924689990154700e+06 -5.969748818373539252e+05 -2.188907934664369561e+06 1.097663519671385176e+06 3.658878308035393129e+05 0.000000000000000000e+00 0.000000000000000000e+00 0.000000000000000000e+00 3.025956622789613903e+07 -5.777176419323079288e+06 0.000000000000000000e+00 0.000000000000000000e+00 -5.777176419323079288e+06 0.000000000000000000e+00 -2.229990097858709097e+07 7.972503458665849641e+06 0.000000000000000000e+00 -7.163698759960618801e+06 3.581849379980309401e+06 0.000000000000000000e+00
-2.888588209661540575e+06 4.679512899651695043e+06 -9.628627126408929471e+05 1.097663519671385642e+06 0.000000000000000000e+00 -9.628627126408931799e+05 1.790924689990154700e+06 -5.077496144325910136e+06 1.559837594478246756e+06 0.000000000000000000e+00 0.000000000000000000e+00 0.000000000000000000e+00 -2.888588209661539644e+06 4.679512899651695043e+06 9.628627126408929471e+05 1.097663519671385176e+06 0.000000000000000000e+00 9.628627126408931799e+05 1.790924689990154700e+06 -5.077496144325910136e+06 -1.559837594478246756e+06 0.000000000000000000e+00 0.000000000000000000e+00 0.000000000000000000e+00 -5.777176419323079288e+06 3.603674264721922576e+07 0.000000000000000000e+00 -5.777176419323079288e+06 0.000000000000000000e+00 0.000000000000000000e+00 9.359025799303388223e+06 -1.652272455926400796e+07 0.000000000000000000e+00 2.195327039342770353e+06 -1.871805159860678017e+07 1.746229827404022217e-10
-9.628627126408930635e+05 -9.628627126408930635e+05 1.790924689990154700e+06 3.658878308035393711e+05 -9.628627126408932963e+05 0.000000000000000000e+00 -5.969748818373536924e+05 1.328750543444432318e+06 -2.830816393816330004e+06 0.000000000000000000e+00 0.000000000000000000e+00 0.000000000000000000e+00 9.628627126408931799e+05 9.628627126408930635e+05 1.790924689990154700e+06 -3.658878308035395457e+05 9.628627126408931799e+05 0.000000000000000000e+00 5.969748818373536924e+05 -1.328750543444432551e+06 -2.830816393816330004e+06 0.000000000000000000e+00 0.000000000000000000e+00 0.000000000000000000e+00 0.000000000000000000e+00 0.000000000000000000e+00 1.998903030755389854e+07 0.000000000000000000e+00 0.000000000000000000e+00 0.000000000000000000e+00 0.000000000000000000e+00 0.000000000000000000e+00 -1.074554813994092867e+07 0.000000000000000000e+00 2.328306436538696289e-10 -7.163698759960618801e+06
-3.979832446742151515e+05 0.000000000000000000e+00 3.658878308035393129e+05 0.000000000000000000e+00 0.000000000000000000e+00 0.000000000000000000e+00 0.000000000000000000e+00 0.000000000000000000e+00 0.000000000000000000e+00 0.000000000000000000e+00 0.000000000000000000e+00 0.000000000000000000e+00 -3.979832446742151515e+05 0.000000000000000000e+00 -3.658878308035393129e+05 0.000000000000000000e+00 0.000000000000000000e+00 0.000000000000000000e+00 0.000000000000000000e+00 0.000000000000000000e+00 0.000000000000000000e+00 0.000000000000000000e+00 0.000000000000000000e+00 0.000000000000000000e+00 0.000000000000000000e+00 -5.777176419323079288e+06 0.000000000000000000e+00 1.373684166863212921e+07 0.000000000000000000e+00 0.000000000000000000e+00 -3.581849379980309401e+06 3.581849379980309401e+06 0.000000000000000000e+00 -9.359025799303390086e+06 2.195327039342770353e+06 0.000000000000000000e+00
0.000000000000000000e+00 -3.979832446742151515e+05 3.658878308035393129e+05 0.000000000000000000e+00 0.000000000000000000e+00 0.000000000000000000e+00 0.000000000000000000e+00 0.000000000000000000e+00 0.000000000000000000e+00 0.000000000000000000e+00 0.000000000000000000e+00 0.000000000000000000e+00 0.000000000000000000e+00 -3.979832446742151515e+05 -3.658878308035393129e+05 0.000000000000000000e+00 0.000000000000000000e+00 0.000000000000000000e+00 0.000000000000000000e+00 0.000000000000000000e+00 0.000000000000000000e+00 0.000000000000000000e+00 0.000000000000000000e+00 0.000000000000000000e+00 -5.777176419323079288e+06 0.000000000000000000e+00 0.000000000000000000e+00 0.000000000000000000e+00 1.373684166863212734e+07 0.000000000000000000e+00 2.195327039342770353e+06 -9.359025799303390086e+06 0.000000000000000000e+00 3.581849379980309401e+06 -3.581849379980309401e+06 0.000000000000000000e+00
5.969748818373536924e+05 5.969748818373536924e+05 -1.039891703826175071e+06 0.000000000000000000e+00 0.000000000000000000e+00 0.000000000000000000e+00 0.000000000000000000e+00 0.000000000000000000e+00 0.000000000000000000e+00 0.000000000000000000e+00 0.000000000000000000e+00 0.000000000000000000e+00 -5.969748818373536924e+05 -5.969748818373536924e+05 -1.039891703826175071e+06 0.000000000000000000e+00 0.000000000000000000e+00 0.000000000000000000e+00 0.000000000000000000e+00 0.000000000000000000e+00 0.000000000000000000e+00 0.000000000000000000e+00 0.000000000000000000e+00 0.000000000000000000e+00 0.000000000000000000e+00 0.000000000000000000e+00 0.000000000000000000e+00 0.000000000000000000e+00 0.000000000000000000e+00 9.243482167612969875e+06 0.000000000000000000e+00 0.000000000000000000e+00 -3.581849379980309401e+06 0.000000000000000000e+00 0.000000000000000000e+00 -3.581849379980309401e+06
-1.790924689990154700e+06 1.097663519671385176e+06 3.658878308035393129e+05 0.000000000000000000e+00 0.000000000000000000e+00 0.000000000000000000e+00 1.790924689990154700e+06 -1.097663519671385176e+06 9.628627126408929471e+05 -1.989916223371075757e+05 0.000000000000000000e+00 -5.969748818373536924e+05 -1.790924689990154700e+06 1.097663519671385176e+06 -3.658878308035393129e+05 0.000000000000000000e+00 0.000000000000000000e+00 0.000000000000000000e+00 1.790924689990154700e+06 -1.097663519671385176e+06 -9.628627126408929471e+05 -1.989916223371075757e+05 0.000000000000000000e+00 5.969748818373536924e+05 -2.229990097858709097e+07 9.359025799303388223e+06 0.000000000000000000e+00 -3.581849379980309401e+06 2.195327039342770353e+06 0.000000000000000000e+00 2.627973360324161500e+07 -1.155435283864615858e+07 0.000000000000000000e+00 0.000000000000000000e+00 0.000000000000000000e+00 0.000000000000000000e+00
1.790924689990154700e+06 -4.679512899651695043e+06 -9.628627126408929471e+05 0.000000000000000000e+00 0.000000000000000000e+00 0.000000000000000000e+00 -1.790924689990154700e+06 4.679512899651695043e+06 -3.658878308035393129e+05 0.000000000000000000e+00 -1.989916223371075757e+05 5.969748818373536924e+05 1.790924689990154700e+06 -4.679512899651695043e+06 9.628627126408929471e+05 0.000000000000000000e+00 0.000000000000000000e+00 0.000000000000000000e+00 -1.790924689990154700e+06 4.679512899651695043e+06 3.658878308035393129e+05 0.000000000000000000e+00 -1.989916223371075757e+05 -5.969748818373536924e+05 7.972503458665849641e+06 -1.652272455926400796e+07 0.000000000000000000e+00 3.581849379980309401e+06 -9.359025799303390086e+06 0.000000000000000000e+00 -1.155435283864615858e+07 2.627973360324161500e+07 0.000000000000000000e+00 0.000000000000000000e+00 0.000000000000000000e+00 0.000000000000000000e+00
5.969748818373536924e+05 -9.628627126408930635e+05 -1.790924689990154700e+06 0.000000000000000000e+00 0.000000000000000000e+00 0.000000000000000000e+00 9.628627126408930635e+05 -5.969748818373536924e+05 1.790924689990154700e+06 -3.658878308035393711e+05 3.658878308035393711e+05 -5.199458519130875356e+05 -5.969748818373536924e+05 9.628627126408930635e+05 -1.790924689990154700e+06 0.000000000000000000e+00 0.000000000000000000e+00 0.000000000000000000e+00 -9.628627126408930635e+05 5.969748818373536924e+05 1.790924689990154700e+06 3.658878308035393711e+05 -3.658878308035393711e+05 -5.199458519130875356e+05 0.000000000000000000e+00 0.000000000000000000e+00 -1.074554813994092867e+07 0.000000000000000000e+00 0.000000000000000000e+00 -3.581849379980309401e+06 0.000000000000000000e+00 0.000000000000000000e+00 1.536728922374741174e+07 0.000000000000000000e+00 0.000000000000000000e+00 0.000000000000000000e+00
0.000000000000000000e+00 1.790924689990155399e+06 -9.628627126408931799e+05 -1.989916223371076630e+05 -1.790924689990155399e+06 5.969748818373539252e+05 0.000000000000000000e+00 0.000000000000000000e+00 0.000000000000000000e+00 0.000000000000000000e+00 0.000000000000000000e+00 0.000000000000000000e+00 0.000000000000000000e+00 1.790924689990154700e+06 9.628627126408929471e+05 -1.989916223371075757e+05 -1.790924689990154700e+06 -5.969748818373536924e+05 0.000000000000000000e+00 0.000000000000000000e+00 0.000000000000000000e+00 0.000000000000000000e+00 0.000000000000000000e+00 0.000000000000000000e+00 -7.163698759960618801e+06 2.195327039342770353e+06 0.000000000000000000e+00 -9.359025799303390086e+06 3.581849379980309401e+06 0.000000000000000000e+00 0.000000000000000000e+00 0.000000000000000000e+00 0.000000000000000000e+00 1.692070780393822491e+07 -5.777176419323079288e+06 0.000000000000000000e+00
1.097663519671385642e+06 0.000000000000000000e+00 3.658878308035393129e+05 -1.097663519671385642e+06 -1.989916223371076630e+05 3.658878308035394875e+05 0.000000000000000000e+00 0.000000000000000000e+00 0.000000000000000000e+00 0.000000000000000000e+00 0.000000000000000000e+00 0.000000000000000000e+00 1.097663519671385176e+06 0.000000000000000000e+00 -3.658878308035393129e+05 -1.097663519671385176e+06 -1.989916223371075757e+05 -3.658878308035393129e+05 0.000000000000000000e+00 0.000000000000000000e+00 0.000000000000000000e+00 0.000000000000000000e+00 0.000000000000000000e+00 0.000000000000000000e+00 3.581849379980309401e+06 -1.871805159860678017e+07 2.328306436538696289e-10 2.195327039342770353e+06 -3.581849379980309401e+06 0.000000000000000000e+00 0.000000000000000000e+00 0.000000000000000000e+00 0.000000000000000000e+00 -5.777176419323079288e+06 2.269788422326130792e+07 -3.492459654808044434e-10
-9.628627126408931799e+05 5.969748818373536924e+05 0.000000000000000000e+00 3.658878308035395457e+05 5.969748818373539252e+05 -5.199458519130877103e+05 0.000000000000000000e+00 0.000000000000000000e+00 0.000000000000000000e+00 0.000000000000000000e+00 0.000000000000000000e+00 0.000000000000000000e+00 9.628627126408930635e+05 -5.969748818373536924e+05 0.000000000000000000e+00 -3.658878308035393711e+05 -5.969748818373536924e+05 -5.199458519130875356e+05 0.000000000000000000e+00 0.000000000000000000e+00 0.000000000000000000e+00 0.000000000000000000e+00 0.000000000000000000e+00 0.000000000000000000e+00 0.000000000000000000e+00 1.746229827404022217e-10 -7.163698759960618801e+06 0.000000000000000000e+00 0.000000000000000000e+00 -3.581849379980309401e+06 0.000000000000000000e+00 0.000000000000000000e+00 0.000000000000000000e+00 0.000000000000000000e+00 -3.492459654808044434e-10 1.178543984376710467e+07
